# R script for Peak Model
#  -- generated by MACS
p <- c(0.037876529140633455,0.04463467369867068,0.050895895862734575,0.056958349069209144,0.06369440818751422,0.06365023730804992,0.06349563922992489,0.06409194610269288,0.06494223553238057,0.06561584144421108,0.0658587812812647,0.06559375600447892,0.06553854240514856,0.06595816576005936,0.06593608032032722,0.06625631919644336,0.0661127638381844,0.06600233663952366,0.06562688416407715,0.0654391579263539,0.06561584144421108,0.06540602976675568,0.06583669584153255,0.06603546479912188,0.06603546479912188,0.065902952160729,0.06625631919644336,0.06605755023885403,0.06664281439175594,0.0668305406294792,0.06657655807255951,0.0670845231863989,0.06709556590626498,0.06690783966854172,0.06628944735604159,0.06649925903349699,0.06624527647657728,0.065902952160729,0.06539498704688959,0.06480972289398768,0.06485389377345198,0.06441218497880902,0.06415820242188933,0.06430175778014828,0.06478763745425553,0.06432384321988042,0.06452261217746975,0.0648870219330502,0.06487597921318412,0.06507474817077345,0.06521830352903242,0.06572626864287182,0.06574835408260396,0.0661127638381844,0.06609067839845226,0.06672011343081846,0.06668698527122024,0.06643300271430054,0.06622319103684514,0.06669802799108632,0.06684158334934527,0.06673115615068453,0.06731642030358645,0.06720599310492571,0.06734954846318468,0.06689679694867565,0.0672943348638543,0.06765874461943475,0.06806732525447948,0.06800106893528303,0.06781334269755979,0.06786855629689015,0.06795689805581874,0.06766978733930082,0.0677250009386312,0.06774708637836334,0.06740476206251504,0.06751518926117578,0.06725016398439002,0.06709556590626498,0.06711765134599712,0.06699618142747031,0.06657655807255951,0.06697409598773817,0.06741580478238111,0.06751518926117578,0.06774708637836334,0.06771395821876511,0.06874093116630998,0.06887344380470288,0.06880718748550643,0.06920472540068509,0.06974581867412272,0.06935932347881013,0.0687740593259082,0.06889552924443502,0.06870780300671177,0.0689065719643011,0.06829922237166704,0.06838756413059562,0.0685642476484528,0.06827713693193488,0.06762561645983653,0.06764770189956867,0.06773604365849727,0.0675924883002383,0.06808941069421162,0.06799002621541696,0.06831026509153311,0.0680562825346134,0.06825505149220273,0.06794585533595267,0.06790168445648836,0.06791272717635445,0.06828817965180095,0.06878510204577429,0.06843173501005992,0.06833235053126525,0.067846470857158,0.06803419709488126,0.06810045341407771,0.06853111948885458,0.06876301660604213,0.06893970012389931,0.06828817965180095,0.06786855629689015,0.06781334269755979,0.06823296605247059,0.06796794077568481,0.0675041465413097,0.06691888238840779,0.06690783966854172,0.06695201054800602,0.0668305406294792,0.06740476206251504,0.06779125725782763,0.06753727470090794,0.06716182222546142,0.06802315437501519,0.06846486316965814,0.06864154668751532,0.06879614476564036,0.0686084185279171,0.06898387100336362,0.06891761468416717,0.0689065719643011,0.06920472540068509,0.06961330603572982,0.06924889628014938,0.0695360069966673,0.06939245163840835,0.06940349435827442,0.0698341604330513,0.0698341604330513,0.06965747691519412,0.06955809243639946,0.06949183611720301,0.06899491372322969,0.06878510204577429,0.06855320492858673,0.0693703661986762,0.06907221276229221,0.06845382044979206,0.06791272717635445,0.06831026509153311,0.06778021453796156,0.06765874461943475,0.06804523981474733,0.06852007676898851,0.06810045341407771,0.06765874461943475,0.06810045341407771,0.06905012732256005,0.07004397211050671,0.07016544202903352,0.07125867129577483,0.07183289272881067,0.07239607144198044,0.0723739860022483,0.07319114727233776,0.07374328326564146,0.07427333381921301,0.07395309494309686,0.07383162502457005,0.07337887351006102,0.07290403655581984,0.07281569479689125,0.07188810632814105,0.07187706360827498,0.07185497816854282,0.0712697140156409,0.07099364601898907,0.07099364601898907,0.07089426154019439,0.07101573145872121,0.07068444986273899,0.0704304673058193,0.07078383434153365,0.07070653530247115,0.07028691194756033,0.07077279162166758,0.07023169834822997,0.07041942458595322,0.0703421255468907,0.07058506538394432,0.0711924149765784,0.07107094505805157,0.0711924149765784,0.07129179945537306,0.07162308105135527,0.07134701305470342,0.0711482440971141,0.07078383434153365,0.0705519372243461,0.07046359546541751,0.07005501483037278,0.07014335658930138,0.06976790411385486,0.06908325548215828,0.06888448652456895,0.06920472540068509,0.06952496427680123,0.069789989553587,0.0698341604330513,0.07037525370648892,0.07069549258260506,0.07083904794086403,0.07154578201229275,0.07274943847769481,0.07311384823327526,0.07278256663729303,0.07297029287501629,0.07320218999220383,0.07341200166965925,0.07280465207702518,0.07297029287501629,0.0733457453504628,0.07290403655581984,0.07228564424331971,0.07291507927568591,0.07348930070872176,0.07372119782590932,0.07408560758148976,0.07401935126229331,0.07438376101787375,0.07426229109934693,0.07382058230470398,0.07395309494309686,0.07416290662055226,0.07362181334711465,0.07303654919421274,0.07302550647434666,0.07239607144198044,0.07235190056251616,0.07245128504131082,0.07240711416184652,0.07217521704465897,0.07265005399890015,0.07269422487836444,0.07293716471541807,0.07375432598550753,0.07358868518751642,0.0741960347801505,0.07436167557814159,0.073975180382829,0.0741960347801505,0.07492485429131136,0.07496902517077567,0.07491381157144529,0.07429541925894516,0.0738537104643022,0.07373224054577539,0.07401935126229331,0.07449418821653449,0.07475921349332026,0.07442793189733804,0.07453835909599878,0.07426229109934693,0.07453835909599878,0.07494693973104352,0.07515675140849892,0.07557637476340973,0.07511258052903462,0.07512362324890069,0.07542177668528469,0.0759297417991241,0.07602912627791876,0.07607329715738305,0.07615059619644557,0.07608433987724912,0.07636040787390097,0.07675794578907963,0.07679107394867786,0.07689045842747252,0.07668064675001712,0.0775751070591691,0.07814932849220495,0.07880084896430331,0.07975052287278565,0.08031370158595542,0.08094313661832164,0.08173821244867896,0.08312959515180426,0.08385841466296515,0.08538231000448335,0.08596757415738526,0.08667430822881399,0.08740312773997487,0.0878117083750196,0.08926934739734135,0.08958958627345749,0.08998712418863616,0.09070490097993096,0.09147789137055613,0.09185334384600265,0.09187542928573479,0.09214045456252057,0.09261529151676175,0.09312325663060114,0.09329994014845833,0.09371956350336913,0.09390728974109239,0.0935649654252441,0.09375269166296736,0.09390728974109239,0.09448151117412823,0.09490113452903905,0.09523241612502126,0.09498947628796763,0.09519928796542304,0.09586185115738748,0.09604957739511072,0.09651337162948583,0.09682256778573589,0.09710967850225381,0.09695508042412879,0.09705446490292345,0.09691090954466448,0.09685569594533412,0.0963146026718965,0.09554161228127132,0.09495634812836941,0.09452568205359253,0.09409501597881564,0.09374164894310129,0.09375269166296736,0.09309012847100293,0.09303491487167255,0.09379686254243165,0.0942827422165389,0.09456985293305682,0.0953870142031463,0.09564099676006599,0.09530971516408378,0.09514407436609267,0.09508886076676229,0.09489009180917296,0.0947023655714497,0.09394041790069062,0.09408397325894957,0.09452568205359253,0.09429378493640497,0.09426065677680676,0.09491217724890512,0.09521033068528911,0.09472445101118186,0.09565203947993206,0.09542014236274451,0.09597227835604821,0.09544222780247666,0.09530971516408378,0.09493426268863726,0.09452568205359253,0.09409501597881564,0.09399563150002098,0.09430482765627105,0.09358705086497625,0.09369747806363699,0.09355392270537803,0.0937747771026995,0.09395146062055669,0.09437108397546749,0.0946250665323872,0.09482383548997653,0.0945808956529229,0.09480175005024438,0.09494530540850334,0.09540909964287844,0.09547535596207488,0.09537597148328021,0.09487904908930689,0.09523241612502126,0.0955084841216731,0.09608270555470895,0.09638085899109294,0.09670109786720908,0.09725323386051278,0.09794892521207543,0.0979599679319415,